VERTEX_SE2 0 -5 -8 0
VERTEX_SE2 1 -4.55    -8 0
VERTEX_SE2 2 -4.1   -8 0
VERTEX_SE2 3 -3.65    -8 0
VERTEX_SE2 4 -3.2   -8 0
VERTEX_SE2 5 -2.57655 -7.92942 0.0978738
VERTEX_SE2 6 -1.91268 -7.70995 0.000146009
VERTEX_SE2 7 -1.36776 -7.72782 -0.0101759
VERTEX_SE2 8 -0.878992  -7.68279 0.135251
VERTEX_SE2 9 -0.361346  -7.58829 0.179638
VERTEX_SE2 10 0.0899103  -7.35955 0.159122
VERTEX_SE2 11 0.572354 -7.42958 -0.096177
VERTEX_SE2 12  1.09451 -7.41239 -0.170394
VERTEX_SE2 13  1.73761 -7.66904 -0.165818
VERTEX_SE2 14  2.18079 -7.55629 -0.0188818
VERTEX_SE2 15  2.64759 -7.54799 -0.10766
VERTEX_SE2 16  2.89479 -7.60772 -0.0920255
VERTEX_SE2 17  3.47759 -7.55193 -0.130758
VERTEX_SE2 18  3.86751 -7.73862 -0.27276
VERTEX_SE2 19  4.19184 -7.63425 -0.323725
VERTEX_SE2 20  4.11461 -7.74215 -0.245976
VERTEX_SE2 21  4.36013 -7.79145 -0.252849
VERTEX_SE2 22  4.79822 -7.87633 -0.205566
VERTEX_SE2 23  5.21248 -7.81465 -0.0335668
VERTEX_SE2 24  5.64934 -7.79659 0.0955061
VERTEX_SE2 25  5.98166 -7.71829 0.179538
VERTEX_SE2 26  6.18877 -7.57892 0.304707
VERTEX_SE2 27  6.38051 -7.38943 0.379324
VERTEX_SE2 28  6.68453 -7.07792 0.55757
VERTEX_SE2 29  7.12944 -6.80255 0.763151
VERTEX_SE2 30  7.28339 -6.96436 -2.27098
VERTEX_SE2 31  7.50896 -6.58333 -2.22215
VERTEX_SE2 32 7.68268 -6.3171 -2.21043
VERTEX_SE2 33  7.91222 -6.14871 -1.9272
VERTEX_SE2 34   7.8349 -5.69681 -1.65641
VERTEX_SE2 35  7.88576 -5.24948 -1.47023
VERTEX_SE2 36   7.7873 -4.95494 -1.23423
VERTEX_SE2 37  7.72044 -4.53984 -1.05619
VERTEX_SE2 38  7.63877 -4.16229 -1.02562
VERTEX_SE2 39  7.37523 -3.69665 -0.977585
VERTEX_SE2 40  7.25781 -3.74457 2.17194
VERTEX_SE2 41  7.55243 -3.36932 -0.782901
VERTEX_SE2 42 7.18192 -3.1764 -0.591895
VERTEX_SE2 43 6.77303  -2.835 -0.49717
VERTEX_SE2 44  6.33601 -2.55511 -0.404949
VERTEX_SE2 45 5.8666 -2.481 -0.375125
VERTEX_SE2 46  5.49987 -2.40828 -0.390089
VERTEX_SE2 47  5.05514 -2.04538 -0.322859
VERTEX_SE2 48  4.59345 -1.98512 -0.268934
VERTEX_SE2 49  4.05252 -1.81402 -0.332519
VERTEX_SE2 50  3.66473 -1.61434 -0.353349
VERTEX_SE2 51  3.20092 -1.52283 -0.502475
VERTEX_SE2 52  2.80208 -1.30117 -0.438971
VERTEX_SE2 53  2.61459 -1.09576 -0.530254
VERTEX_SE2 54  2.21512 -1.00366 -0.576412
VERTEX_SE2 55    1.8995 -0.571829 -0.650888
VERTEX_SE2 56   1.44181 -0.211326 -0.717235
VERTEX_SE2 57    1.08964 -0.0176969 -0.831982
VERTEX_SE2 58 0.653691 0.309723 -0.639029
VERTEX_SE2 59 0.349797 0.577289 -0.761573
VERTEX_SE2 60 0.257883  0.50775 -2.48685
VERTEX_SE2 61 -0.0954756   0.387512 -0.74129
VERTEX_SE2 62 -0.387582  0.648637 -0.641046
VERTEX_SE2 63 -0.824238  0.943388 -0.55604
VERTEX_SE2 64 -1.31511   1.0639 -0.388945
VERTEX_SE2 65 -1.81694  1.01994 -0.28796
VERTEX_SE2 66 -2.43901  1.19395 -0.282819
VERTEX_SE2 67 -2.97325  1.25574 -0.191428
VERTEX_SE2 68 -3.25989   1.0826 0.000624064
VERTEX_SE2 69 -3.66353  0.84999 0.218299
VERTEX_SE2 70 -3.76074  1.13621 -2.6756
VERTEX_SE2 71 -4.20912 0.636682 -2.54717
VERTEX_SE2 72 -4.39407 0.240111 -2.31629
VERTEX_SE2 73   -4.76583 -0.0873973 -2.15338
VERTEX_SE2 74  -4.84854 -0.440889 -1.99785
VERTEX_SE2 75  -4.90528 -0.961167 -1.75387
VERTEX_SE2 76 -4.97428 -1.33222 -1.62953
VERTEX_SE2 77 -4.81018 -1.73274 -1.23825
VERTEX_SE2 78 -4.67076 -2.12868 -1.1075
VERTEX_SE2 79 -4.39429 -2.41146 -1.09623
VERTEX_SE2 80 -4.37759 -2.40905 -0.990341
VERTEX_SE2 81 -4.15953 -2.84833 -1.13275
VERTEX_SE2 82 -3.98646 -3.32122 -1.09114
VERTEX_SE2 83 -3.69165 -3.64912 -0.941693
VERTEX_SE2 84   -3.447 -3.89319 -0.874002
VERTEX_SE2 85 -3.16806 -4.29345 -0.887291
VERTEX_SE2 86 -2.90027 -4.73981 -1.05489
VERTEX_SE2 87 -2.50001 -5.28178 -1.13623
VERTEX_SE2 88 -2.29294 -5.63177 -1.19381
VERTEX_SE2 89 -2.09654 -6.16152 -1.12465
VERTEX_SE2 90  -1.9361 -6.76372 -1.26299
VERTEX_SE2 91 -1.78074 -7.12819 -1.38187
VERTEX_SE2 92 -1.74686 -7.62991 -1.38713
VERTEX_SE2 93 -1.65416  -7.9745 -1.33474
VERTEX_SE2 94 -1.55101 -8.52461 -1.325
VERTEX_SE2 95 -1.61325 -9.17241 -1.12941
VERTEX_SE2 96 -1.43162 -9.73646 -1.16851
VERTEX_SE2 97 -1.26543 -10.3114 -1.37157
VERTEX_SE2 98  -1.0889 -11.0467 -1.26956
VERTEX_SE2 99 -0.793648   -11.456 -1.24092
VERTEX_SE2 100 -0.86709 -11.5521 -1.11981
VERTEX_SE2 101 -0.489175  -11.9376 -1.09994
VERTEX_SE2 102 -0.034726  -12.1355 -1.0406
VERTEX_SE2 103 0.364162 -12.3743 -0.865479
VERTEX_SE2 104  0.74625 -12.6943 -0.663126
VERTEX_SE2 105  1.13578 -12.6662 -0.509596
VERTEX_SE2 106  1.53127 -12.7018 -0.390321
VERTEX_SE2 107  1.80919 -12.8431 -0.155596
VERTEX_SE2 108  2.23282 -12.7913 0.117525
VERTEX_SE2 109  2.55437 -12.7321 0.244384
VERTEX_SE2 110  2.68986 -13.0018 -2.76055
VERTEX_SE2 111  3.06065 -12.7404 -2.66716
VERTEX_SE2 112  3.49219 -12.4448 -2.59091
VERTEX_SE2 113  3.88097 -12.0351 -2.44133
VERTEX_SE2 114  3.91922 -11.7807 -2.18166
VERTEX_SE2 115 3.92119 -11.369 -1.93898
VERTEX_SE2 116  3.73418 -10.7446 -1.713
VERTEX_SE2 117  3.76359 -10.1294 -1.61606
VERTEX_SE2 118  3.79299 -9.85522 -1.49605
VERTEX_SE2 119  4.10872 -9.68227 1.7668
