VERTEX_SE2 0 -5 -8 -2.01744e-08
VERTEX_SE2 1 -4.58063    -8.03 -0.00728579
VERTEX_SE2 2 -4.16127 -8.06039 -0.00174
VERTEX_SE2 3 -3.79945  -8.0116 0.0479648
VERTEX_SE2 4  -3.4384 -7.94473 0.0786484
VERTEX_SE2 5  -2.9327 -7.91709 0.136237
VERTEX_SE2 6 -2.38919 -7.75497 0.0281863
VERTEX_SE2 7 -1.88967 -7.73301 -0.0361112
VERTEX_SE2 8 -1.44404 -7.67956 0.0353006
VERTEX_SE2 9 -0.926827  -7.69185 0.0561335
VERTEX_SE2 10 -0.458594  -7.56894 0.0355002
VERTEX_SE2 11 -0.053165  -7.66928 -0.164679
VERTEX_SE2 12 0.400565 -7.65852 -0.187054
VERTEX_SE2 13 0.940306 -7.91911 -0.198231
VERTEX_SE2 14  1.29089 -7.81196 -0.0644348
VERTEX_SE2 15  1.81566 -7.88008 -0.107815
VERTEX_SE2 16  2.12241 -7.99723 -0.0250947
VERTEX_SE2 17  2.74311 -7.91835 -0.0388089
VERTEX_SE2 18  3.19538 -8.08423 -0.145197
VERTEX_SE2 19  3.54274 -7.96232 -0.163818
VERTEX_SE2 20  3.52712 -8.10997 -0.0496868
VERTEX_SE2 21 3.80929 -7.9899 0.0427886
VERTEX_SE2 22  4.28335 -7.82146 0.15301
VERTEX_SE2 23  4.64098 -7.59629 0.361732
VERTEX_SE2 24   5.0296 -7.39008 0.520752
VERTEX_SE2 25  5.26291 -7.11129 0.666031
VERTEX_SE2 26  5.34561 -6.82664 0.833899
VERTEX_SE2 27  5.45507 -6.60315 0.946236
VERTEX_SE2 28  5.57661 -6.21314 1.18044
VERTEX_SE2 29  5.77619 -5.76764 1.35847
VERTEX_SE2 30  5.98905 -5.83238 -1.69753
VERTEX_SE2 31  5.94917 -5.32197 -1.58162
VERTEX_SE2 32  5.91099 -4.93658 -1.50347
VERTEX_SE2 33   5.9465 -4.68749 -1.25717
VERTEX_SE2 34 5.57799 -4.3994 -1.03747
VERTEX_SE2 35 5.24192 -4.0798 -0.857929
VERTEX_SE2 36  4.87812 -3.96285 -0.681248
VERTEX_SE2 37 4.56697 -3.6458 -0.496047
VERTEX_SE2 38  4.26239 -3.36897 -0.468645
VERTEX_SE2 39 3.78902 -3.1124 -0.420041
VERTEX_SE2 40  3.71334 -3.21493 2.73005
VERTEX_SE2 41  3.76297 -2.74026 -0.224844
VERTEX_SE2 42  3.34306 -2.77191 -0.0346015
VERTEX_SE2 43  2.81204 -2.69754 0.0596498
VERTEX_SE2 44  2.28967 -2.69009 0.151651
VERTEX_SE2 45  1.84855 -2.87451 0.181932
VERTEX_SE2 46  1.49546 -3.00615 0.168274
VERTEX_SE2 47 0.922501 -2.93373 0.237244
VERTEX_SE2 48 0.496122  -3.1277 0.2935
VERTEX_SE2 49 -0.0559434   -3.27157 0.23321
VERTEX_SE2 50 -0.493721  -3.31098 0.216356
VERTEX_SE2 51 -0.936708  -3.48439 0.0719179
VERTEX_SE2 52 -1.39532 -3.51547 0.140773
VERTEX_SE2 53 -1.66835 -3.44633 0.0550678
VERTEX_SE2 54 -2.05524 -3.59065 0.0148601
VERTEX_SE2 55 -2.56202 -3.40887 -0.0533879
VERTEX_SE2 56 -3.14682 -3.36938 -0.113482
VERTEX_SE2 57   -3.55 -3.4105 -0.221599
VERTEX_SE2 58 -4.09833 -3.39324 -0.0216636
VERTEX_SE2 59 -4.50465  -3.3517 -0.136923
VERTEX_SE2 60 -4.54084 -3.46154 -1.85464
VERTEX_SE2 61 -4.75597 -3.76726 -0.100794
VERTEX_SE2 62 -5.14979 -3.73347 0.00850105
VERTEX_SE2 63 -5.67907 -3.76457 0.102897
VERTEX_SE2 64 -6.14329 -3.97141 0.280157
VERTEX_SE2 65 -6.51107 -4.31847 0.392587
VERTEX_SE2 66 -7.10583 -4.57769 0.410586
VERTEX_SE2 67 -7.55749 -4.87404 0.516177
VERTEX_SE2 68 -7.66372 -5.19191 0.723707
VERTEX_SE2 69  -7.8121 -5.63376 0.958265
VERTEX_SE2 70 -8.08115 -5.48922 -1.91778
VERTEX_SE2 71 -8.06071 -6.15915 -1.77079
VERTEX_SE2 72 -7.91409 -6.56926 -1.51954
VERTEX_SE2 73 -7.93778 -7.06339 -1.33475
VERTEX_SE2 74 -7.73619 -7.36209 -1.15603
VERTEX_SE2 75 -7.38487 -7.74577 -0.887878
VERTEX_SE2 76 -7.14679  -8.0349 -0.73844
VERTEX_SE2 77 -6.73434 -8.15286 -0.321567
VERTEX_SE2 78 -6.33722 -8.27721 -0.165142
VERTEX_SE2 79 -5.95017 -8.21408 -0.128402
VERTEX_SE2 80 -5.94633 -8.19812 0.00267534
VERTEX_SE2 81 -5.43052 -8.21363 -0.0877339
VERTEX_SE2 82 -4.90608 -8.26328 -0.0103435
VERTEX_SE2 83 -4.38981 -8.20984 0.0702668
VERTEX_SE2 84 -3.96677 -8.17743 0.0906557
VERTEX_SE2 85 -3.37016 -8.07678 0.156921
VERTEX_SE2 86 -2.74052 -7.97856 0.0318536
VERTEX_SE2 87 -2.03566 -7.89605 0.00749073
VERTEX_SE2 88 -1.59149 -7.87468 0.0310997
VERTEX_SE2 89 -1.02272 -7.80661 0.148897
VERTEX_SE2 90 -0.395284  -7.77434 0.0300758
VERTEX_SE2 91 0.0638096  -7.74862 -0.13307
VERTEX_SE2 92 0.613063 -7.90027 -0.179359
VERTEX_SE2 93  1.06182 -7.94278 -0.103309
VERTEX_SE2 94  1.70926 -8.03311 -0.0699786
VERTEX_SE2 95 2.24003 -8.2381 0.0889833
VERTEX_SE2 96  2.76954 -8.21572 -0.0172964
VERTEX_SE2 97  3.31445 -8.27691 -0.228519
VERTEX_SE2 98  4.00798 -8.40414 -0.144137
VERTEX_SE2 99  4.46095 -8.29165 -0.140473
VERTEX_SE2 100   4.4668 -8.37291 -0.0515737
VERTEX_SE2 101 4.94799 -8.3244 0.00861646
VERTEX_SE2 102  5.27904 -8.09856 0.147346
VERTEX_SE2 103  5.65172 -7.83367 0.315927
VERTEX_SE2 104  6.09407 -7.61644 0.518042
VERTEX_SE2 105  6.24119 -7.30642 0.681272
VERTEX_SE2 106  6.44279 -7.01147 0.829135
VERTEX_SE2 107  6.62987 -6.76733 1.00193
VERTEX_SE2 108  6.72196 -6.32467 1.191
VERTEX_SE2 109  6.82837 -5.97813 1.31416
VERTEX_SE2 110  7.13104 -5.97453 -1.70048
VERTEX_SE2 111  7.08478 -5.59196 -1.5902
VERTEX_SE2 112  7.02952 -5.14065 -1.49869
VERTEX_SE2 113  6.87332 -4.58018 -1.33765
VERTEX_SE2 114  6.69278 -4.40679 -1.05008
VERTEX_SE2 115  6.44401 -4.13874 -0.889771
VERTEX_SE2 116  5.92666 -3.90647 -0.687406
VERTEX_SE2 117  5.44833 -3.56055 -0.594198
VERTEX_SE2 118  5.26112 -3.39212 -0.469545
VERTEX_SE2 119  5.27665 -3.03246 2.7933
